0.000000
0.000000
0.000000
0.000000
0.000000
0.000000
0.000000
0.000000
0.000000
0.000000
0.000000
0.000000
0.000000
0.000000
0.000000
0.000000
0.000000
0.000000
0.000000
0.000000
0.000000
0.000000
0.000000
0.000000
0.000000
0.000000
0.000000
0.000000
0.000000
0.000000
0.000000
0.000000
0.000000
0.000000
0.000000
0.000000
0.000000
0.000000
0.000000
0.000000
0.000000
0.000000
0.000000
0.000000
0.000000
0.000000
0.000000
0.000000
0.000000
0.000000
0.000000
0.000000
0.000000
0.000000
0.000000
0.000000
0.000000
0.000000
0.000000
0.000000
0.000000
0.000000
0.000000
0.000000
0.000000
0.200000
0.421875
0.562500
0.359375
0.625000
0.265625
0.718750
0.250000
0.734375
0.187500
0.796875
0.250000
0.765625
0.437500
0.546875
0.390625
0.593750
0.390625
0.593750
0.343750
0.656250
0.281250
0.703125
0.421875
0.546875
0.390625
0.593750
0.437500
0.562500
0.303125
0.667500
0.265625
0.718750
0.281250
0.609375
0.281250
0.703125
0.265625
0.703125
0.250000
0.718750
0.281250
0.703125
0.281250
0.703125
0.265625
0.677500
0.281250
0.703125
0.265625
0.703125
0.437500
0.562500
0.421875
0.546875
0.312500
0.671875
0.281250
0.703125
0.312500
0.671875
0.312500
0.671875
0.250000
0.734375
0.234375
0.750000
0.281250
0.734375
0.265625
0.734375
0.265625
0.734375
0.296875
0.687500
0.312500
0.687500
0.250000
0.734375
0.250000
0.718750
0.421875
0.562500
0.281250
0.656250
0.245625
0.715625
0.328125
0.703125
0.171875
0.812500
0.234375
0.750000
0.250000
0.734375
0.281250
0.734375
0.234375
0.765625
0.265625
0.718750
0.265625
0.718750
0.281250
0.693125
0.265625
0.718750
0.244375
0.750000
0.133750
0.860625
0.234375
0.750000
0.254375
0.730000
0.265625
0.718750
0.390625
0.593750
0.203125
0.687500
0.390625
0.593750
0.296875
0.687500
0.281250
0.703125
0.375000
0.562500
0.312500
0.671875
0.312500
0.687500
0.312500
0.671875
0.296875
0.671875
0.322500
0.671875
0.379375
0.625000
0.296875
0.671875
0.312500
0.671875
0.427500
0.562500
0.420625
0.546875
0.308125
0.673125
0.427500
0.542500
0.203125
0.781250
0.312500
0.671875
0.296875
0.671875
0.312500
0.687500
0.296875
0.671875
0.359375
0.636250
0.322500
0.651875
0.348125
0.636250
0.312500
0.671875
0.316875
0.667500
0.243125
0.741250
0.316875
0.667500
0.296875
0.671875
0.328125
0.656250
0.375000
0.609375
0.421875
0.546875
0.375000
0.609375
0.281250
0.703125
0.312500
0.671875
0.312500
0.671875
0.312500
0.671875
0.312500
0.671875
0.312500
0.671875
0.312500
0.671875
0.312500
0.671875
0.312500
0.671875
0.312500
0.671875
0.312500
0.671875
0.312500
0.671875
0.312500
0.671875
0.312500
0.671875
0.312500
0.671875
0.312500
0.671875
0.312500
0.671875
0.312500
0.671875
0.312500
0.671875
0.312500
0.671875
0.312500
0.671875
0.312500
0.671875
0.312500
0.671875
0.312500
0.671875
0.312500
0.671875
0.312500
0.671875
0.312500
0.671875
0.312500
0.671875
0.312500
0.671875
0.312500
0.671875
0.312500
0.671875
0.312500
0.671875
0.312500
0.671875
0.312500
0.671875
0.000000
0.000000
0.421875
0.562500
0.312500
0.671875
0.265625
0.734375
0.250000
0.734375
0.250000
0.734375
0.421875
0.546875
0.265625
0.718750
0.375000
0.609375
0.218750
0.765625
0.375000
0.609375
0.328125
0.656250
0.312500
0.671875
0.000000
0.000000
0.218750
0.765625
0.281250
0.703125
0.359375
0.625000
0.281250
0.703125
0.343750
0.640625
0.343750
0.640625
0.421875
0.609375
0.312500
0.671875
0.265625
0.703125
0.421875
0.546875
0.421875
0.562500
0.343750
0.578125
0.375000
0.609375
0.328125
0.656250
0.125000
0.859375
0.125000
0.859375
0.125000
0.859375
0.296875
0.671875
0.234375
0.750000
0.234375
0.750000
0.234375
0.750000
0.234375
0.750000
0.234375
0.750000
0.234375
0.750000
0.109375
0.843750
0.265625
0.734375
0.296875
0.687500
0.296875
0.687500
0.296875
0.687500
0.296875
0.687500
0.375000
0.562500
0.421875
0.609375
0.359375
0.640625
0.390625
0.593750
0.218750
0.734375
0.234375
0.750000
0.250000
0.734375
0.250000
0.734375
0.250000
0.734375
0.250000
0.734375
0.250000
0.734375
0.296875
0.687500
0.218750
0.765625
0.265625
0.718750
0.265625
0.718750
0.265625
0.718750
0.265625
0.718750
0.234375
0.750000
0.281250
0.734375
0.312500
0.687500
0.312500
0.671875
0.312500
0.671875
0.312500
0.671875
0.312500
0.671875
0.312500
0.671875
0.312500
0.671875
0.187500
0.796875
0.312500
0.671875
0.312500
0.671875
0.312500
0.671875
0.312500
0.671875
0.312500
0.671875
0.375000
0.562500
0.421875
0.609375
0.359375
0.625000
0.390625
0.593750
0.312500
0.687500
0.312500
0.671875
0.296875
0.671875
0.296875
0.671875
0.296875
0.671875
0.296875
0.671875
0.296875
0.671875
0.281250
0.703125
0.281250
0.703125
0.312500
0.671875
0.312500
0.671875
0.312500
0.671875
0.312500
0.671875
0.296875
0.671875
0.312500
0.687500
0.296875
0.671875
